version https://git-lfs.github.com/spec/v1
oid sha256:dfc912d15284cc9f5e63322d013f3c5bfa4c9369da25160818ead2c9d74e040b
size 4226419
